  (0, 0)	59.0
  (1, 0)	53.0
  (2, 0)	59.0
  (3, 0)	35.0
  (4, 0)	59.0
  (5, 0)	59.0
  (6, 0)	53.0
  (7, 0)	79.0
  (8, 0)	100.0
  (9, 0)	60.0
  (10, 0)	60.0
  (11, 0)	59.0
  (12, 0)	109.0
  (13, 0)	79.0
  (14, 0)	35.0
  (15, 0)	22.0
  (16, 0)	59.0
  (17, 0)	22.0
  (18, 0)	35.0
  (19, 0)	60.0
  (20, 0)	79.0
  (21, 0)	60.0
  (22, 0)	59.0
  (23, 0)	59.0
  (24, 0)	22.0
  :	:
  (19975, 166)	1.0
  (19976, 166)	1.0
  (19977, 166)	1.0
  (19978, 166)	1.0
  (19979, 166)	1.0
  (19980, 166)	1.0
  (19981, 166)	1.0
  (19982, 166)	1.0
  (19983, 166)	1.0
  (19984, 166)	1.0
  (19985, 166)	1.0
  (19986, 166)	1.0
  (19987, 166)	1.0
  (19988, 166)	1.0
  (19989, 166)	1.0
  (19990, 166)	1.0
  (19991, 166)	1.0
  (19992, 166)	1.0
  (19993, 166)	1.0
  (19994, 166)	1.0
  (19995, 166)	1.0
  (19996, 166)	1.0
  (19997, 166)	1.0
  (19998, 166)	1.0
  (19999, 166)	1.0
  (0, 0)	59.0
  (1, 0)	53.0
  (2, 0)	59.0
  (3, 0)	35.0
  (4, 0)	59.0
  (5, 0)	59.0
  (6, 0)	53.0
  (7, 0)	79.0
  (8, 0)	100.0
  (9, 0)	60.0
  (10, 0)	60.0
  (11, 0)	59.0
  (12, 0)	109.0
  (13, 0)	79.0
  (14, 0)	35.0
  (15, 0)	22.0
  (16, 0)	59.0
  (17, 0)	22.0
  (18, 0)	35.0
  (19, 0)	60.0
  (20, 0)	79.0
  (21, 0)	60.0
  (22, 0)	59.0
  (23, 0)	59.0
  (24, 0)	22.0
  :	:
  (19975, 166)	1.0
  (19976, 166)	1.0
  (19977, 166)	1.0
  (19978, 166)	1.0
  (19979, 166)	1.0
  (19980, 166)	1.0
  (19981, 166)	1.0
  (19982, 166)	1.0
  (19983, 166)	1.0
  (19984, 166)	1.0
  (19985, 166)	1.0
  (19986, 166)	1.0
  (19987, 166)	1.0
  (19988, 166)	1.0
  (19989, 166)	1.0
  (19990, 166)	1.0
  (19991, 166)	1.0
  (19992, 166)	1.0
  (19993, 166)	1.0
  (19994, 166)	1.0
  (19995, 166)	1.0
  (19996, 166)	1.0
  (19997, 166)	1.0
  (19998, 166)	1.0
  (19999, 166)	1.0
